5397,공용
5398,공용
5619,공용
5941,공용
5261,남성용
5326,공용
5327,공용
5328,공용
5826,공용
5988,공용
5307,공용
5394,공용
5677,공용
6968,공용
7026,공용
7027,공용
5825,공용
5126,남성용
5298,남성용
6281,남성용
6971,여성용
5211,여성용
5547,여성용
6910,남성용
6911,남성용
6912,남성용
6913,남성용
6914,남성용
6915,남성용
6916,남성용
6917,남성용
6918,남성용
6919,남성용
5047,공용
5156,
5388,
5835,
5914,
5969,
6039,
6979,
5310,
5332,
5335,
5469,
5470,
5489,
5490,
5621,
5622,
5623,
5680,
5681,
6009,
6010,
5542,
6239,
6241,
6963,
6965,
6966,
5039,
5060,
5101,
5102,
5103,
5104,
5347,
5364,
5365,
5378,
5437,
5578,
5579,
5580,
5609,
5614,
5656,
5895,
5910,
6939,
5164,
5444,
5514,
5515,
5516,
6964,
5151,
5187,
5190,
5207,
5275,
5412,
5481,
5648,
5651,
5909,
5935,
5963,
6031,
6032,
6038,
6119,
6243,
6246,
6252,
6851,
6990,
6993,
6997,
7020,
5058,
5252,
5305,
5306,
5308,
5417,
5418,
5487,
5637,
5661,
5751,
5785,
5796,
5968,
6040,
6129,
6978,
5048,
5049,
5112,
5120,
5121,
5122,
5123,
5165,
5225,
5226,
5232,
5263,
5284,
5405,
5406,
5408,
5414,
5436,
5488,
5568,
5569,
5570,
5571,
5572,
5573,
5574,
5575,
5576,
5577,
5594,
5595,
5881,
5882,
5911,
5912,
5997,
5998,
6024,
6025,
6026,
6214,
6215,
6216,
6265,
6286,
6297,
6298,
6299,
6895,
6896,
6897,
6898,
6934,
6935,
6957,
6958,
5987,
5833,
5834,
5124,
6283,
6203,
6204,
6205,
6206,
5823,
5824,
5125,
5989,
5990,
6282,
5385,
5645,
5646,
5647,
5827,
5905,
5906,
5907,
5937,
5986,
6665,
5636,
6267,
6268,
6269,
6274,
6663,
6981,
6982,
6983,
6853,
6854,
6855,
5106,
5822,
5386,
5415,
5486,
5491,
5492,
5939,
6047,
6050,
6279,
6280,
6287,
6288,
6860,
6862,
6905,
5020,
5021,
5023,
5024,
5062,
5108,
5114,
5115,
5117,
5118,
5169,
5197,
5216,
5217,
5218,
5220,
5222,
5223,
5224,
5227,
5228,
5344,
5345,
5376,
5399,
5409,
5410,
5435,
5452,
5453,
5471,
5551,
5553,
5554,
5555,
5556,
5567,
5587,
5589,
5592,
5593,
5657,
5659,
5764,
5765,
5766,
5767,
5768,
5769,
5776,
5866,
5867,
5874,
5875,
5876,
5877,
5883,
5884,
5885,
5886,
5887,
5888,
5889,
5890,
5893,
5894,
6164,
6166,
6198,
6199,
6200,
6201,
6202,
6258,
6261,
6300,
6308,
6878,
6879,
6880,
6881,
6882,
6883,
6884,
6885,
6886,
6887,
6893,
6894,
6936,
6937,
6938,
6952,
6953,
6961,
6962,
5055,
5056,
5152,
5198,
5199,
5208,
5368,
5371,
5434,
5438,
5442,
5443,
5463,
5465,
5466,
5467,
5501,
5543,
5545,
5600,
5627,
5662,
5743,
5763,
5830,
5869,
5870,
5926,
5936,
5938,
5952,
5954,
5984,
6006,
6021,
6046,
6083,
6117,
6238,
6247,
6248,
6249,
6254,
6255,
6284,
6285,
6967,
6972,
7022,
7023,
5111,
5329,
5557,
5676,
5746,
5747,
5748,
6043,
6044,
6888,
6889,
6890,
6891,
6892,
5186,
5832,
6277,
6278,
7033,
7034,
7035,
7036,
5040,
5917,
5209,
5210,
5604,
5607,
5953,
6242,
6984,
6985,
6994,
7025,
6130,
6253,
5793,
5185,
5188,
5189,
5212,
5273,
5274,
5276,
5484,
5544,
5615,
5626,
5934,
6029,
6084,
6904,
6986,
6987,
6988,
6989,
6991,
6992,
6995,
6996,
7018,
7019,
7028,
7029,
7030,
7031,
7032,
5045,
5219,
5303,
5304,
5387,
5407,
5416,
5660,
5678,
5761,
5915,
5916,
5980,
5981,
6051,
6861,
5100,
5109,
5110,
5262,
5756,
5940,
6257,
6909,
6955,
6956,
6959,
5638,
6229,
